W2VOriginalModel_TRAIN
MEAN ERROR: 0.0773835614658958
Correct predictions: 0.014074074074074074
same length: 0.965925925925926
active_button_correct: 0.5192592592592593
button_color_correct: 0.025185185185185185
bleu_1: 0.9546946582808623
bleu_2: 0.901291924065206
bleu_3: 0.8421835916788615
bleu_4: 0.769391672704578
