W2VCnnModel1418_48_VALIDATION
MEAN ERROR: 0.0054812849850188776
Correct predictions: 0.7333333333333333
same length: 0.9866666666666667
active_button_correct: 0.8133333333333334
button_color_correct: 0.76
bleu_1: 0.9957596488891003
bleu_2: 0.9910977200316476
bleu_3: 0.9864076678774859
bleu_4: 0.9815139174856379
