W2VCnnModel1418_48_TRAIN
MEAN ERROR: 0.08438042189154567
Correct predictions: 0.022962962962962963
same length: 0.8577777777777778
active_button_correct: 0.2725925925925926
button_color_correct: 0.05925925925925926
bleu_1: 0.9501429738280549
bleu_2: 0.9063410570816788
bleu_3: 0.8631897513917522
bleu_4: 0.8117796698173758
