CnnImageModel1418_0.2_TRAIN
MEAN ERROR: 0.0030705919594808486
Correct predictions: 0.8133333333333334
same length: 1.0
active_button_correct: 0.8133333333333334
button_color_correct: 0.84
bleu_1: 0.9979297245963913
bleu_2: 0.995830140485313
bleu_3: 0.9939645732689212
bleu_4: 0.9917933723196883
CnnImageModel1418_0.2_VALIDATION
MEAN ERROR: 0.015156695156695156
Correct predictions: 0.22666666666666666
same length: 1.0
active_button_correct: 0.22666666666666666
button_color_correct: 0.37333333333333335
bleu_1: 0.9922507122507123
bleu_2: 0.9794827586206896
bleu_3: 0.9681159420289854
bleu_4: 0.9547953216374269
CnnImageModel1418_0.2_TEST
MEAN ERROR: 0.016
Correct predictions: 0.268
same length: 1.0
active_button_correct: 0.268
button_color_correct: 0.416
bleu_1: 0.9918632478632479
bleu_2: 0.9791379310344825
bleu_3: 0.9681391304347826
bleu_4: 0.9549824561403509