W2VCnnModel1418_0.25_VALIDATION
MEAN ERROR: 0.07521887174190693
Correct predictions: 0.013333333333333334
same length: 0.9666666666666667
active_button_correct: 0.2866666666666667
button_color_correct: 0.06
bleu_1: 0.9740312777966108
bleu_2: 0.9232052904446709
bleu_3: 0.871738696808672
bleu_4: 0.8055371641457133
