W2VCnnModel1418_0.25_TRAIN
MEAN ERROR: 0.07602260053427765
Correct predictions: 0.013333333333333334
same length: 0.9525925925925925
active_button_correct: 0.35777777777777775
button_color_correct: 0.04148148148148148
bleu_1: 0.9714451319048593
bleu_2: 0.9245334638924012
bleu_3: 0.8741146449201909
bleu_4: 0.8097071811789441
